     branch_id	        origin	   termination	    species_id	        regime	   start_trait	     end_trait
            b0	        194.53	        117.37	       unknown	             1	          6.85	          7.05
            b1	        194.53	        168.74	       unknown	             1	          6.85	          6.81
            b2	        117.37	          0.00	       fish_54	             1	          7.05	          7.16
            b3	        117.37	          0.00	       fish_65	             1	          7.05	         17.75
            b4	        168.74	        158.45	       unknown	             1	          6.81	          6.80
            b5	        168.74	        161.78	       unknown	             1	          6.81	          6.82
            b6	        158.45	        150.88	       unknown	             1	          6.80	          6.81
            b7	        158.45	          0.00	       fish_66	             1	          6.80	          3.41
            b8	        161.78	          0.00	       fish_42	             1	          6.82	          4.87
            b9	        161.78	          0.00	       fish_50	             1	          6.82	          8.34
           b10	        150.88	        147.05	       unknown	             1	          6.81	          6.82
           b11	        150.88	        144.67	       unknown	             1	          6.81	          6.80
           b12	        147.05	        139.78	       unknown	             1	          6.82	          6.87
           b13	        147.05	         49.62	       unknown	             1	          6.82	          5.77
           b14	        144.67	        125.50	       unknown	             1	          6.80	          6.76
           b15	        144.67	        135.75	       unknown	             6	          6.80	          8.98
           b16	        139.78	        136.76	       unknown	             1	          6.87	          6.88
           b17	        139.78	          0.00	       fish_74	             1	          6.87	          7.46
           b18	         49.62	          0.00	       fish_47	             1	          5.77	          5.28
           b19	         49.62	          0.00	       fish_48	             1	          5.77	          3.98
           b20	        125.50	        104.46	       unknown	             1	          6.76	          6.77
           b21	        125.50	         32.85	       unknown	             1	          6.76	          5.86
           b22	        135.75	         60.18	       unknown	             6	          8.98	         20.32
           b23	        135.75	          0.00	       fish_24	             6	          8.98	         20.77
           b24	        136.76	        127.74	       unknown	             1	          6.88	          6.92
           b25	        136.76	        129.15	       unknown	             1	          6.88	          6.89
           b26	        104.46	         84.89	       unknown	             1	          6.77	          6.53
           b27	        104.46	          0.00	       fish_80	             1	          6.77	         12.66
           b28	         32.85	          0.00	       fish_28	             1	          5.86	          4.39
           b29	         32.85	          0.00	       fish_30	             1	          5.86	          6.64
           b30	         60.18	          0.00	       fish_26	             6	         20.32	         14.28
           b31	         60.18	          0.00	       fish_27	             6	         20.32	         34.93
           b32	        127.74	        123.16	       unknown	             2	          6.92	          8.18
           b33	        127.74	         90.88	       unknown	             1	          6.92	          7.19
           b34	        129.15	         59.02	       unknown	             1	          6.89	          7.47
           b35	        129.15	        113.17	       unknown	             1	          6.89	          6.84
           b36	         84.89	         70.99	       unknown	             8	          6.53	          9.55
           b37	         84.89	          0.00	       fish_21	             1	          6.53	          3.19
           b38	        123.16	        118.01	       unknown	             2	          8.18	          9.62
           b39	        123.16	          0.00	       fish_40	             2	          8.18	         21.66
           b40	         90.88	         66.96	       unknown	             1	          7.19	          6.97
           b41	         90.88	          0.00	       fish_32	             1	          7.19	         15.82
           b42	         59.02	         14.65	       unknown	             1	          7.47	         10.06
           b43	         59.02	          0.00	       fish_34	             1	          7.47	          6.40
           b44	        113.17	         89.72	       unknown	             1	          6.84	          6.77
           b45	        113.17	          0.00	       fish_69	             3	          6.84	         39.11
           b46	         70.99	         58.77	       unknown	             8	          9.55	         11.97
           b47	         70.99	         67.53	       unknown	             9	          9.55	         11.41
           b48	        118.01	        115.32	       unknown	             2	          9.62	         10.36
           b49	        118.01	        103.81	       unknown	             2	          9.62	         13.60
           b50	         66.96	          0.00	       fish_31	             1	          6.97	          5.55
           b51	         66.96	          0.00	       fish_33	             1	          6.97	          8.04
           b52	         14.65	          0.00	       fish_35	             1	         10.06	         12.56
           b53	         14.65	          0.00	       fish_70	             1	         10.06	          8.73
           b54	         89.72	          0.00	       fish_68	             1	          6.77	          2.98
           b55	         89.72	          0.00	       fish_79	             1	          6.77	         12.66
           b56	         58.77	         45.67	       unknown	             8	         11.97	         15.46
           b57	         58.77	         16.40	       unknown	             8	         11.97	         11.88
           b58	         67.53	         63.96	       unknown	             9	         11.41	         13.16
           b59	         67.53	          5.80	       unknown	             9	         11.41	         85.76
           b60	        115.32	        111.22	       unknown	             2	         10.36	         11.51
           b61	        115.32	        112.01	       unknown	             2	         10.36	         11.24
           b62	        103.81	          0.00	       fish_83	             2	         13.60	         54.56
           b63	        103.81	          0.00	       fish_96	             2	         13.60	         16.42
           b64	         45.67	         42.48	       unknown	             8	         15.46	         16.09
           b65	         45.67	          0.00	       fish_11	             8	         15.46	         25.19
           b66	         16.40	          0.00	       fish_95	             8	         11.88	         14.49
           b67	         16.40	          0.00	        fish_9	             8	         11.88	          9.59
           b68	         63.96	         62.43	       unknown	             9	         13.16	         13.88
           b69	         63.96	          0.00	       fish_16	             9	         13.16	         55.96
           b70	          5.80	          2.20	       unknown	             9	         85.76	         86.75
           b71	          5.80	          0.00	       fish_15	             9	         85.76	         93.41
           b72	        111.22	         83.98	       unknown	             2	         11.51	         16.96
           b73	        111.22	        107.90	       unknown	             2	         11.51	         12.49
           b74	        112.01	         92.31	       unknown	             2	         11.24	         15.01
           b75	        112.01	        106.69	       unknown	             2	         11.24	         12.84
           b76	         42.48	         39.04	       unknown	             8	         16.09	         17.06
           b77	         42.48	          0.00	       fish_10	             8	         16.09	         13.95
           b78	         62.43	         60.49	       unknown	             9	         13.88	         14.38
           b79	         62.43	         56.88	       unknown	             9	         13.88	         18.71
           b80	          2.20	          0.00	       fish_13	             9	         86.75	         98.34
           b81	          2.20	          0.00	       fish_14	             9	         86.75	         75.24
           b82	         83.98	         78.04	       unknown	             2	         16.96	         17.53
           b83	         83.98	          0.00	       fish_55	             2	         16.96	         33.27
           b84	        107.90	        104.01	       unknown	             2	         12.49	         13.63
           b85	        107.90	          0.00	       fish_89	             2	         12.49	         22.99
           b86	         92.31	         86.04	       unknown	             2	         15.01	         16.16
           b87	         92.31	          0.00	       fish_88	             2	         15.01	          8.89
           b88	        106.69	         64.19	       unknown	             2	         12.84	         26.26
           b89	        106.69	          0.00	       fish_86	             2	         12.84	         14.78
           b90	         39.04	         26.91	       unknown	             8	         17.06	         18.88
           b91	         39.04	          0.00	       fish_12	             8	         17.06	         27.70
           b92	         60.49	         49.84	       unknown	             9	         14.38	         20.11
           b93	         60.49	         36.98	       unknown	             9	         14.38	         17.13
           b94	         56.88	         12.07	       unknown	             9	         18.71	         69.65
           b95	         56.88	          0.00	       fish_20	             9	         18.71	        104.04
           b96	         78.04	          0.00	       fish_91	             2	         17.53	          9.19
           b97	         78.04	         71.41	       unknown	             2	         17.53	         18.63
           b98	        104.01	          0.00	       fish_52	             2	         13.63	         19.90
           b99	        104.01	          0.00	       fish_81	             2	         13.63	         88.85
          b100	         86.04	          0.00	       fish_87	             2	         16.16	         34.97
          b101	         86.04	          0.00	       fish_90	             2	         16.16	          8.74
          b102	         64.19	          0.00	       fish_84	             2	         26.26	         61.56
          b103	         64.19	          0.00	       fish_85	             2	         26.26	         55.75
          b104	         26.91	         17.89	       unknown	             8	         18.88	         29.87
          b105	         26.91	         22.70	       unknown	             8	         18.88	         15.88
          b106	         49.84	         29.67	       unknown	             9	         20.11	         24.16
          b107	         49.84	          0.00	       fish_19	             9	         20.11	         80.68
          b108	         36.98	          0.00	       fish_22	             9	         17.13	         12.31
          b109	         36.98	          0.00	       fish_23	             9	         17.13	         18.17
          b110	         12.07	          0.00	       fish_36	             9	         69.65	         90.09
          b111	         12.07	          0.00	       fish_94	             9	         69.65	         70.39
          b112	         71.41	          0.00	       fish_56	             2	         18.63	         24.96
          b113	         71.41	          0.00	       fish_61	             2	         18.63	         20.90
          b114	         17.89	         13.40	       unknown	             8	         29.87	         39.31
          b115	         17.89	          0.00	        fish_4	             8	         29.87	         21.54
          b116	         22.70	          0.00	        fish_3	             8	         15.88	          6.01
          b117	         22.70	          0.00	        fish_8	             8	         15.88	         16.05
          b118	         29.67	          0.00	       fish_17	             9	         24.16	         45.55
          b119	         29.67	          0.00	       fish_18	             9	         24.16	         15.19
          b120	         13.40	          7.67	       unknown	             8	         39.31	         50.53
          b121	         13.40	         10.40	       unknown	             8	         39.31	         39.42
          b122	          7.67	          5.22	       unknown	             8	         50.53	         49.28
          b123	          7.67	          3.35	       unknown	             8	         50.53	         57.80
          b124	         10.40	          0.00	        fish_5	             8	         39.42	         33.87
          b125	         10.40	          0.00	        fish_6	             8	         39.42	         40.26
          b126	          5.22	          0.00	        fish_1	             8	         49.28	         44.60
          b127	          5.22	          0.00	        fish_2	             8	         49.28	         45.98
          b128	          3.35	          0.00	        fish_7	             8	         57.80	         40.10
          b129	          3.35	          0.00	       fish_97	             8	         57.80	         84.49
